id;date_of_lost;status;address
1;2021-10-21;IN_PROGRESS;Lira payment Bedfordshire
2;2021-10-21;IN_PROGRESS;Frozen Mobility Micronesia
3;2021-10-21;PENGING;Sausages
4;2021-10-21;IN_PROGRESS;adapter protocol
5;2021-10-21;IN_PROGRESS;Zealand maximized Pa'anga
6;2021-10-21;DONE;Dinar bluetooth Towels
7;2021-10-20;PENGING;ADP Krona
8;2021-10-21;IN_PROGRESS;engage Borders
9;2021-10-21;IN_PROGRESS;Sports
10;2021-10-21;IN_PROGRESS;revolutionize
